[ 800  900 1000 1100 1200 1300 1400 1500] 100
311.25 1500 1500 1600 6.4
311.25 800 800 900 6.4
311.25 1400 1400 1500 6.61
311.25 900 900 1000 6.76
311.25 1300 1300 1400 7.07
311.25 1000 1000 1100 7.48
311.25 1501 1500 1600 9.87
311.25 801 800 900 9.99
311.25 1401 1400 1500 10.29
311.25 901 900 1000 10.61
311.25 1301 1300 1400 11.23
311.25 1001 1000 1100 12.01
311.25 1502 1500 1600 13.33
311.25 802 800 900 13.59
311.25 1402 1400 1500 13.97
311.25 902 900 1000 14.46
311.25 1302 1300 1400 15.39
311.25 1002 1000 1100 16.56
311.25 1503 1500 1600 16.8
311.25 803 800 900 17.19
311.25 1403 1400 1500 17.66
311.25 903 900 1000 18.31
311.25 1303 1300 1400 19.51
311.25 1200 1200 1300 19.56
311.25 1504 1500 1600 20.27
311.25 804 800 900 20.8
311.25 1003 1000 1100 21.14
311.25 1404 1400 1500 21.34
311.25 904 900 1000 22.17
311.25 1304 1300 1400 23.64
311.25 1505 1500 1600 23.72
311.25 805 800 900 24.4
311.25 1405 1400 1500 25.01
311.25 1004 1000 1100 25.7
311.25 905 900 1000 26.03
311.25 1506 1500 1600 27.18
311.25 1100 1100 1200 27.34
311.25 1305 1300 1400 27.75
311.25 806 800 900 28.0
311.25 1406 1400 1500 28.68
311.25 906 900 1000 29.89
311.25 1005 1000 1100 30.28
311.25 1507 1500 1600 30.64
311.25 807 800 900 31.62
311.25 1306 1300 1400 31.86
311.25 1407 1400 1500 32.35
311.25 907 900 1000 33.75
311.25 1508 1500 1600 34.09
311.25 1006 1000 1100 34.86
311.25 808 800 900 35.22
311.25 1307 1300 1400 35.97
311.25 1201 1200 1300 35.97
311.25 1408 1400 1500 36.01
311.25 1509 1500 1600 37.55
311.25 908 900 1000 37.63
311.25 809 800 900 38.83
311.25 1007 1000 1100 39.47
311.25 1409 1400 1500 39.67
311.25 1308 1300 1400 40.06
311.25 1510 1500 1600 41.0
311.25 909 900 1000 41.49
311.25 810 800 900 42.43
311.25 1410 1400 1500 43.32
311.25 1008 1000 1100 44.08
311.25 1309 1300 1400 44.15
311.25 1511 1500 1600 44.44
311.25 910 900 1000 45.37
311.25 811 800 900 46.04
311.25 1411 1400 1500 46.97
311.25 1512 1500 1600 47.89
311.25 1310 1300 1400 48.23
311.25 1009 1000 1100 48.7
311.25 911 900 1000 49.26
311.25 812 800 900 49.66
311.25 1412 1400 1500 50.63
311.25 1513 1500 1600 51.33
311.25 1101 1100 1200 52.05
311.25 1202 1200 1300 52.25
311.25 1311 1300 1400 52.3
311.25 912 900 1000 53.14
311.25 1010 1000 1100 53.35
311.25 813 800 900 53.27
311.25 1413 1400 1500 54.27
311.25 1514 1500 1600 54.77
311.25 1312 1300 1400 56.37
311.25 814 800 900 56.87
311.25 913 900 1000 57.03
311.25 1414 1400 1500 57.93
311.25 1011 1000 1100 58.0
311.25 1515 1500 1600 58.22
311.25 1313 1300 1400 60.43
311.25 815 800 900 60.5
311.25 914 900 1000 60.92
311.25 1415 1400 1500 61.57
311.25 1516 1500 1600 61.67
311.25 1012 1000 1100 62.67
311.25 816 800 900 64.12
311.25 1314 1300 1400 64.47
311.25 915 900 1000 64.83
311.25 1517 1500 1600 65.1
311.25 1416 1400 1500 65.2
311.25 1013 1000 1100 67.42
311.25 817 800 900 67.75
311.25 1203 1200 1300 68.41
311.25 1315 1300 1400 68.52
311.25 1518 1500 1600 68.54
311.25 916 900 1000 68.73
311.25 1417 1400 1500 68.84
311.25 818 800 900 71.39
311.25 1519 1500 1600 71.98
311.25 1014 1000 1100 72.23
311.25 1418 1400 1500 72.46
311.25 1316 1300 1400 72.57
311.25 917 900 1000 72.65
311.25 819 800 900 75.02
311.25 1520 1500 1600 75.41
311.25 1419 1400 1500 76.11
311.25 918 900 1000 76.55
311.25 1317 1300 1400 76.61
311.25 1102 1100 1200 77.13
311.25 1015 1000 1100 77.16
311.25 820 800 900 78.66
311.25 1521 1500 1600 78.84
311.25 1420 1400 1500 79.74
311.25 919 900 1000 80.48
311.25 1318 1300 1400 80.63
311.25 1016 1000 1100 82.2
311.25 1522 1500 1600 82.26
311.25 821 800 900 82.28
311.25 1421 1400 1500 83.36
311.25 1204 1200 1300 84.3
311.25 920 900 1000 84.4
311.25 1319 1300 1400 84.65
311.25 1523 1500 1600 85.69
311.25 822 800 900 85.91
311.25 1422 1400 1500 86.98
311.25 1017 1000 1100 87.4
311.25 921 900 1000 88.33
311.25 1320 1300 1400 88.66
311.25 1524 1500 1600 89.11
311.25 823 800 900 89.55
311.25 1423 1400 1500 90.59
311.25 922 900 1000 92.25
311.25 1525 1500 1600 92.55
311.25 1321 1300 1400 92.68
311.25 1018 1000 1100 92.74
311.25 824 800 900 93.18
311.25 1424 1400 1500 94.21
311.25 1526 1500 1600 95.97
311.25 923 900 1000 96.19
311.25 1322 1300 1400 96.68
311.25 825 800 900 96.83
311.25 1425 1400 1500 97.82
311.25 1019 1000 1100 98.28
311.25 1527 1500 1600 99.38
311.25 1205 1200 1300 99.96
311.25 924 900 1000 100.14
311.25 826 800 900 100.47
311.25 1323 1300 1400 100.69
311.25 1426 1400 1500 101.44
311.25 1103 1100 1200 102.52
311.25 1528 1500 1600 102.8
311.25 1020 1000 1100 103.99
311.25 925 900 1000 104.09
311.25 827 800 900 104.11
311.25 1324 1300 1400 104.68
311.25 1427 1400 1500 105.05
311.25 1529 1500 1600 106.22
311.25 828 800 900 107.75
311.25 926 900 1000 108.05
311.25 1428 1400 1500 108.66
311.25 1325 1300 1400 108.67
311.25 1530 1500 1600 109.65
311.25 1021 1000 1100 109.9
311.25 829 800 900 111.4
311.25 927 900 1000 112.02
311.25 1429 1400 1500 112.27
311.25 1326 1300 1400 112.65
311.25 1531 1500 1600 113.06
311.25 830 800 900 115.06
311.25 1206 1200 1300 115.42
311.25 1430 1400 1500 115.87
311.25 928 900 1000 115.98
311.25 1022 1000 1100 116.03
311.25 1532 1500 1600 116.49
311.25 1327 1300 1400 116.63
311.25 831 800 900 118.72
311.25 1431 1400 1500 119.48
311.25 1533 1500 1600 119.9
311.25 929 900 1000 119.97
311.25 1328 1300 1400 120.61
311.25 1023 1000 1100 122.37
311.25 832 800 900 122.38
311.25 1432 1400 1500 123.09
311.25 1534 1500 1600 123.32
311.25 930 900 1000 123.95
311.25 1329 1300 1400 124.58
311.25 833 800 900 126.03
311.25 1433 1400 1500 126.69
311.25 1535 1500 1600 126.73
311.25 931 900 1000 127.92
311.25 1104 1100 1200 128.31
311.25 1330 1300 1400 128.54
311.25 1024 1000 1100 128.98
311.25 834 800 900 129.69
311.25 1536 1500 1600 130.13
311.25 1434 1400 1500 130.3
311.25 1207 1200 1300 130.78
311.25 932 900 1000 131.93
311.25 1331 1300 1400 132.51
311.25 835 800 900 133.34
311.25 1537 1500 1600 133.56
311.25 1435 1400 1500 133.9
311.25 1025 1000 1100 135.82
311.25 933 900 1000 135.94
311.25 1332 1300 1400 136.48
311.25 1538 1500 1600 136.96
311.25 836 800 900 137.0
311.25 1436 1400 1500 137.49
311.25 934 900 1000 139.94
311.25 1539 1500 1600 140.35
311.25 1333 1300 1400 140.42
311.25 837 800 900 140.68
311.25 1437 1400 1500 141.1
311.25 1026 1000 1100 142.92
311.25 1540 1500 1600 143.76
311.25 935 900 1000 143.95
311.25 1334 1300 1400 144.37
311.25 838 800 900 144.35
311.25 1438 1400 1500 144.69
311.25 1208 1200 1300 145.84
311.25 1541 1500 1600 147.17
311.25 936 900 1000 147.97
311.25 839 800 900 148.02
311.25 1439 1400 1500 148.27
311.25 1335 1300 1400 148.31
311.25 1027 1000 1100 150.29
311.25 1542 1500 1600 150.58
311.25 840 800 900 151.7
311.25 1440 1400 1500 151.86
311.25 937 900 1000 152.0
311.25 1336 1300 1400 152.25
311.25 1543 1500 1600 153.99
311.25 1105 1100 1200 154.46
311.25 1441 1400 1500 155.45
311.25 841 800 900 155.39
311.25 938 900 1000 156.02
311.25 1337 1300 1400 156.2
311.25 1544 1500 1600 157.41
311.25 1028 1000 1100 157.95
311.25 1442 1400 1500 159.03
311.25 842 800 900 159.09
311.25 939 900 1000 160.04
311.25 1338 1300 1400 160.12
311.25 1209 1200 1300 160.7
311.25 1545 1500 1600 160.82
311.25 1443 1400 1500 162.61
311.25 843 800 900 162.78
311.25 1339 1300 1400 164.04
311.25 940 900 1000 164.07
311.25 1546 1500 1600 164.23
311.25 1029 1000 1100 165.9
311.25 1444 1400 1500 166.18
311.25 844 800 900 166.48
311.25 1547 1500 1600 167.64
311.25 1340 1300 1400 167.95
311.25 941 900 1000 168.13
311.25 1445 1400 1500 169.76
311.25 845 800 900 170.18
311.25 1548 1500 1600 171.05
311.25 1341 1300 1400 171.86
311.25 942 900 1000 172.19
311.25 1446 1400 1500 173.31
311.25 846 800 900 173.87
311.25 1030 1000 1100 174.16
311.25 1549 1500 1600 174.45
311.25 1210 1200 1300 175.37
311.25 1342 1300 1400 175.76
311.25 943 900 1000 176.25
311.25 1447 1400 1500 176.88
311.25 847 800 900 177.57
311.25 1550 1500 1600 177.85
311.25 1343 1300 1400 179.7
311.25 944 900 1000 180.32
311.25 1448 1400 1500 180.45
311.25 1106 1100 1200 181.13
311.25 1551 1500 1600 181.24
311.25 848 800 900 181.27
311.25 1031 1000 1100 182.74
311.25 1344 1300 1400 183.6
311.25 1449 1400 1500 184.0
311.25 945 900 1000 184.39
311.25 1552 1500 1600 184.65
311.25 849 800 900 184.96
311.25 1345 1300 1400 187.49
311.25 1450 1400 1500 187.56
311.25 1553 1500 1600 188.04
311.25 946 900 1000 188.48
311.25 850 800 900 188.66
311.25 1211 1200 1300 189.88
311.25 1451 1400 1500 191.11
311.25 1346 1300 1400 191.38
311.25 1554 1500 1600 191.44
311.25 1032 1000 1100 191.65
311.25 851 800 900 192.36
311.25 947 900 1000 192.58
311.25 1452 1400 1500 194.66
311.25 1555 1500 1600 194.85
311.25 1347 1300 1400 195.27
311.25 852 800 900 196.07
311.25 948 900 1000 196.68
311.25 1453 1400 1500 198.21
311.25 1556 1500 1600 198.25
311.25 1348 1300 1400 199.15
311.25 853 800 900 199.78
311.25 949 900 1000 200.76
311.25 1033 1000 1100 200.88
311.25 1557 1500 1600 201.67
311.25 1454 1400 1500 201.76
311.25 1349 1300 1400 203.03
311.25 854 800 900 203.51
311.25 1212 1200 1300 204.19
311.25 950 900 1000 204.85
311.25 1558 1500 1600 205.07
311.25 1455 1400 1500 205.3
311.25 1350 1300 1400 206.9
311.25 855 800 900 207.22
311.25 1107 1100 1200 208.41
311.25 1559 1500 1600 208.48
311.25 1456 1400 1500 208.85
311.25 951 900 1000 208.94
311.25 1034 1000 1100 210.46
311.25 1351 1300 1400 210.76
311.25 856 800 900 210.93
311.25 1560 1500 1600 211.89
311.25 1457 1400 1500 212.39
311.25 952 900 1000 213.05
311.25 1352 1300 1400 214.62
311.25 857 800 900 214.64
311.25 1561 1500 1600 215.31
311.25 1458 1400 1500 215.92
311.25 953 900 1000 217.15
311.25 1213 1200 1300 218.24
311.25 1353 1300 1400 218.47
311.25 858 800 900 218.36
311.25 1562 1500 1600 218.73
311.25 1459 1400 1500 219.45
311.25 1035 1000 1100 220.39
311.25 954 900 1000 221.27
311.25 1563 1500 1600 222.13
311.25 859 800 900 222.08
311.25 1354 1300 1400 222.32
311.25 1460 1400 1500 222.99
311.25 955 900 1000 225.4
311.25 1564 1500 1600 225.56
311.25 860 800 900 225.8
311.25 1355 1300 1400 226.16
311.25 1461 1400 1500 226.52
311.25 1565 1500 1600 228.97
311.25 956 900 1000 229.52
311.25 861 800 900 229.51
311.25 1356 1300 1400 230.01
311.25 1462 1400 1500 230.06
311.25 1036 1000 1100 230.7
311.25 1214 1200 1300 232.08
311.25 1566 1500 1600 232.39
311.25 862 800 900 233.24
311.25 1463 1400 1500 233.59
311.25 957 900 1000 233.66
311.25 1357 1300 1400 233.86
311.25 1567 1500 1600 235.8
311.25 1108 1100 1200 236.15
311.25 1464 1400 1500 237.12
311.25 863 800 900 236.97
311.25 1358 1300 1400 237.7
311.25 958 900 1000 237.8
311.25 1568 1500 1600 239.21
311.25 1465 1400 1500 240.66
311.25 864 800 900 240.7
311.25 1037 1000 1100 241.41
311.25 1359 1300 1400 241.54
311.25 959 900 1000 241.93
311.25 1569 1500 1600 242.63
311.25 1466 1400 1500 244.2
311.25 865 800 900 244.44
311.25 1360 1300 1400 245.37
311.25 1215 1200 1300 245.78
311.25 1570 1500 1600 246.04
311.25 960 900 1000 246.07
311.25 1467 1400 1500 247.72
311.25 866 800 900 248.18
311.25 1361 1300 1400 249.2
311.25 1571 1500 1600 249.45
311.25 961 900 1000 250.23
311.25 1468 1400 1500 251.23
311.25 867 800 900 251.94
311.25 1038 1000 1100 252.44
311.25 1572 1500 1600 252.85
311.25 1362 1300 1400 253.03
311.25 962 900 1000 254.38
311.25 1469 1400 1500 254.75
311.25 868 800 900 255.69
311.25 1573 1500 1600 256.25
311.25 1363 1300 1400 256.85
311.25 1470 1400 1500 258.26
311.25 963 900 1000 258.55
311.25 1216 1200 1300 259.18
311.25 869 800 900 259.44
311.25 1574 1500 1600 259.65
311.25 1364 1300 1400 260.67
311.25 1471 1400 1500 261.77
311.25 964 900 1000 262.73
311.25 1575 1500 1600 263.04
311.25 870 800 900 263.2
311.25 1039 1000 1100 263.75
311.25 1109 1100 1200 264.4
311.25 1365 1300 1400 264.48
311.25 1472 1400 1500 265.28
311.25 1576 1500 1600 266.44
311.25 965 900 1000 266.9
311.25 871 800 900 266.94
311.25 1366 1300 1400 268.29
311.25 1473 1400 1500 268.78
311.25 1577 1500 1600 269.86
311.25 872 800 900 270.71
311.25 966 900 1000 271.1
311.25 1367 1300 1400 272.1
311.25 1474 1400 1500 272.28
311.25 1217 1200 1300 272.36
311.25 1578 1500 1600 273.26
311.25 873 800 900 274.49
311.25 967 900 1000 275.32
311.25 1040 1000 1100 275.34
311.25 1475 1400 1500 275.77
311.25 1368 1300 1400 275.9
311.25 1579 1500 1600 276.68
311.25 874 800 900 278.26
311.25 1476 1400 1500 279.28
311.25 968 900 1000 279.52
311.25 1369 1300 1400 279.7
311.25 1580 1500 1600 280.08
311.25 875 800 900 282.04
311.25 1477 1400 1500 282.78
311.25 1581 1500 1600 283.49
311.25 1370 1300 1400 283.49
311.25 969 900 1000 283.73
311.25 1218 1200 1300 285.29
311.25 876 800 900 285.82
311.25 1478 1400 1500 286.28
311.25 1582 1500 1600 286.89
311.25 1041 1000 1100 287.21
311.25 1371 1300 1400 287.28
311.25 970 900 1000 287.96
311.25 877 800 900 289.62
311.25 1479 1400 1500 289.81
311.25 1583 1500 1600 290.3
311.25 1372 1300 1400 291.07
311.25 971 900 1000 292.18
311.25 1110 1100 1200 293.08
311.25 1480 1400 1500 293.3
311.25 878 800 900 293.41
311.25 1584 1500 1600 293.71
311.25 1373 1300 1400 294.86
311.25 972 900 1000 296.41
311.25 1481 1400 1500 296.8
311.25 1585 1500 1600 297.12
311.25 879 800 900 297.23
311.25 1219 1200 1300 298.07
311.25 1374 1300 1400 298.65
311.25 1042 1000 1100 299.35
311.25 1482 1400 1500 300.31
311.25 1586 1500 1600 300.52
311.25 973 900 1000 300.64
311.25 880 800 900 301.02
311.25 1375 1300 1400 302.43
311.25 1483 1400 1500 303.81
311.25 1587 1500 1600 303.92
311.25 974 900 1000 304.9
311.25 881 800 900 304.83
311.25 1376 1300 1400 306.19
311.25 1484 1400 1500 307.31
311.25 1588 1500 1600 307.32
311.25 882 800 900 308.64
311.25 975 900 1000 309.17
311.25 1377 1300 1400 309.96
311.25 1220 1200 1300 310.54
311.25 1589 1500 1600 310.72
311.25 1485 1400 1500 310.8
311.25 1043 1000 1100 311.74
311.25 883 800 900 312.45
311.25 976 900 1000 313.45
311.25 1378 1300 1400 313.72
311.25 1590 1500 1600 314.12
311.25 1486 1400 1500 314.28
311.25 884 800 900 316.26
311.25 1379 1300 1400 317.49
311.25 1591 1500 1600 317.52
311.25 977 900 1000 317.72
311.25 1487 1400 1500 317.77
311.25 885 800 900 320.08
311.25 1592 1500 1600 320.93
311.25 1380 1300 1400 321.23
311.25 1488 1400 1500 321.25
311.25 978 900 1000 322.03
311.25 1111 1100 1200 322.17
311.25 1221 1200 1300 322.76
311.25 886 800 900 323.9
311.25 1593 1500 1600 324.33
311.25 1044 1000 1100 324.36
311.25 1489 1400 1500 324.73
311.25 1381 1300 1400 324.97
311.25 979 900 1000 326.35
311.25 1594 1500 1600 327.73
311.25 887 800 900 327.74
311.25 1490 1400 1500 328.22
311.25 1382 1300 1400 328.71
311.25 980 900 1000 330.66
311.25 1595 1500 1600 331.13
311.25 1491 1400 1500 331.69
311.25 888 800 900 331.57
311.25 1383 1300 1400 332.46
311.25 1596 1500 1600 334.51
311.25 1222 1200 1300 334.74
311.25 981 900 1000 334.98
311.25 1492 1400 1500 335.18
311.25 889 800 900 335.4
311.25 1384 1300 1400 336.19
311.25 1045 1000 1100 337.22
311.25 1597 1500 1600 337.91
311.25 1493 1400 1500 338.65
311.25 982 900 1000 339.32
311.25 890 800 900 339.22
311.25 1385 1300 1400 339.92
311.25 1598 1500 1600 341.3
311.25 1494 1400 1500 342.13
311.25 891 800 900 343.05
311.25 983 900 1000 343.65
311.25 1386 1300 1400 343.65
311.25 1599 1500 1600 344.69
311.25 1495 1400 1500 345.61
311.25 1223 1200 1300 346.47
311.25 892 800 900 346.91
311.25 1387 1300 1400 347.38
311.25 984 900 1000 348.01
311.25 1500 1500 1600 348.69
311.25 1496 1400 1500 349.07
311.25 1046 1000 1100 350.31
311.25 893 800 900 350.76
311.25 1388 1300 1400 351.1
311.25 1112 1100 1200 351.58
311.25 985 900 1000 352.36
311.25 1497 1400 1500 352.55
311.25 1501 1500 1600 352.66
311.25 894 800 900 354.6
311.25 1389 1300 1400 354.82
311.25 1498 1400 1500 356.02
311.25 1502 1500 1600 356.63
311.25 986 900 1000 356.73
311.25 1224 1200 1300 358.03
311.25 1390 1300 1400 358.54
311.25 895 800 900 358.45
311.25 1499 1400 1500 359.49
311.25 1503 1500 1600 360.58
311.25 987 900 1000 361.09
311.25 1391 1300 1400 362.26
311.25 896 800 900 362.3
311.25 1047 1000 1100 363.62
311.25 1400 1400 1500 364.05
311.25 1504 1500 1600 364.52
311.25 988 900 1000 365.47
311.25 1392 1300 1400 365.98
311.25 897 800 900 366.15
311.25 1505 1500 1600 368.46
311.25 1401 1400 1500 368.57
311.25 1225 1200 1300 369.25
311.25 1393 1300 1400 369.69
311.25 989 900 1000 369.85
311.25 898 800 900 370.01
311.25 1506 1500 1600 372.4
311.25 1402 1400 1500 373.09
311.25 1394 1300 1400 373.38
311.25 899 800 900 373.87
311.25 990 900 1000 374.25
311.25 1507 1500 1600 376.33
311.25 1395 1300 1400 377.08
311.25 1048 1000 1100 377.17
311.25 800 800 900 377.4
311.25 1403 1400 1500 377.6
311.25 991 900 1000 378.66
311.25 1226 1200 1300 380.17
311.25 1508 1500 1600 380.25
311.25 1396 1300 1400 380.78
311.25 801 800 900 380.91
311.25 1113 1100 1200 381.34
311.25 1404 1400 1500 382.1
311.25 992 900 1000 383.08
311.25 1509 1500 1600 384.17
311.25 1397 1300 1400 384.48
311.25 802 800 900 384.43
311.25 1405 1400 1500 386.6
311.25 993 900 1000 387.51
311.25 1510 1500 1600 388.08
311.25 1398 1300 1400 388.17
311.25 803 800 900 387.95
311.25 1227 1200 1300 390.81
311.25 1049 1000 1100 390.91
311.25 1406 1400 1500 391.09
311.25 804 800 900 391.47
311.25 1399 1300 1400 391.85
311.25 994 900 1000 391.93
311.25 1511 1500 1600 391.99
311.25 805 800 900 394.99
311.25 1407 1400 1500 395.57
311.25 1512 1500 1600 395.9
311.25 995 900 1000 396.38
311.25 806 800 900 398.51
311.25 1513 1500 1600 399.81
311.25 1408 1400 1500 400.05
311.25 996 900 1000 400.82
311.25 1228 1200 1300 401.12
311.25 807 800 900 402.02
311.25 1514 1500 1600 403.72
311.25 1409 1400 1500 404.52
311.25 1050 1000 1100 404.89
311.25 997 900 1000 405.29
311.25 808 800 900 405.54
311.25 1515 1500 1600 407.64
311.25 1410 1400 1500 408.98
311.25 809 800 900 409.06
311.25 998 900 1000 409.76
311.25 1300 1300 1400 410.93
311.25 1229 1200 1300 411.12
311.25 1114 1100 1200 411.29
311.25 1516 1500 1600 411.55
311.25 810 800 900 412.58
311.25 1411 1400 1500 413.43
311.25 999 900 1000 414.24
311.25 1517 1500 1600 415.45
311.25 811 800 900 416.1
311.25 900 900 1000 417.86
311.25 1412 1400 1500 417.94
311.25 1051 1000 1100 419.07
311.25 1518 1500 1600 419.36
311.25 812 800 900 419.61
311.25 1230 1200 1300 420.74
311.25 901 900 1000 421.46
311.25 1413 1400 1500 422.37
311.25 1519 1500 1600 423.25
311.25 813 800 900 423.12
311.25 902 900 1000 425.06
311.25 1414 1400 1500 426.78
311.25 814 800 900 426.63
311.25 1520 1500 1600 427.14
311.25 903 900 1000 428.66
311.25 1301 1300 1400 429.73
311.25 1231 1200 1300 429.93
311.25 815 800 900 430.15
311.25 1521 1500 1600 431.03
311.25 1415 1400 1500 431.2
311.25 904 900 1000 432.25
311.25 1052 1000 1100 433.49
311.25 816 800 900 433.67
311.25 1522 1500 1600 434.92
311.25 1416 1400 1500 435.59
311.25 905 900 1000 435.85
311.25 817 800 900 437.18
311.25 1232 1200 1300 438.66
311.25 1523 1500 1600 438.81
311.25 906 900 1000 439.45
311.25 1417 1400 1500 439.98
311.25 818 800 900 440.7
311.25 1115 1100 1200 441.44
311.25 1524 1500 1600 442.68
311.25 907 900 1000 443.06
311.25 1418 1400 1500 444.37
311.25 819 800 900 444.21
311.25 1525 1500 1600 446.56
311.25 908 900 1000 446.66
311.25 1233 1200 1300 446.96
311.25 820 800 900 447.72
311.25 1053 1000 1100 448.09
311.25 1302 1300 1400 448.32
311.25 1419 1400 1500 448.76
311.25 909 900 1000 450.27
311.25 1526 1500 1600 450.44
311.25 821 800 900 451.24
311.25 1420 1400 1500 453.12
311.25 910 900 1000 453.88
311.25 1527 1500 1600 454.32
311.25 1234 1200 1300 454.85
311.25 822 800 900 454.76
311.25 1421 1400 1500 457.49
311.25 911 900 1000 457.5
311.25 1528 1500 1600 458.2
311.25 823 800 900 458.28
311.25 912 900 1000 461.11
311.25 1422 1400 1500 461.85
311.25 824 800 900 461.8
311.25 1529 1500 1600 462.06
311.25 1235 1200 1300 462.32
311.25 1054 1000 1100 462.92
311.25 913 900 1000 464.73
311.25 825 800 900 465.32
311.25 1530 1500 1600 465.93
311.25 1423 1400 1500 466.2
311.25 1303 1300 1400 466.68
311.25 914 900 1000 468.35
311.25 826 800 900 468.84
311.25 1236 1200 1300 469.43
311.25 1531 1500 1600 469.8
311.25 1424 1400 1500 470.54
311.25 1116 1100 1200 471.63
311.25 915 900 1000 471.97
311.25 827 800 900 472.37
311.25 1532 1500 1600 473.66
311.25 1425 1400 1500 474.88
311.25 916 900 1000 475.6
311.25 828 800 900 475.9
311.25 1237 1200 1300 476.21
311.25 1533 1500 1600 477.52
311.25 1055 1000 1100 477.92
311.25 1426 1400 1500 479.21
311.25 917 900 1000 479.33
311.25 829 800 900 479.43
311.25 1534 1500 1600 481.38
311.25 1238 1200 1300 482.65
311.25 918 900 1000 482.96
311.25 830 800 900 482.96
311.25 1427 1400 1500 483.53
311.25 1304 1300 1400 484.79
311.25 1535 1500 1600 485.22
311.25 919 900 1000 486.61
311.25 831 800 900 486.49
311.25 1428 1400 1500 487.85
311.25 1239 1200 1300 488.77
311.25 1536 1500 1600 489.06
311.25 832 800 900 490.03
311.25 920 900 1000 490.26
311.25 1429 1400 1500 492.16
311.25 1537 1500 1600 492.92
311.25 1056 1000 1100 493.17
311.25 833 800 900 493.59
311.25 921 900 1000 493.91
311.25 1240 1200 1300 494.66
311.25 1430 1400 1500 496.47
311.25 1538 1500 1600 496.75
311.25 834 800 900 497.13
311.25 922 900 1000 497.55
311.25 1241 1200 1300 500.28
311.25 1539 1500 1600 500.58
311.25 1431 1400 1500 500.8
311.25 835 800 900 500.67
311.25 923 900 1000 501.2
311.25 1117 1100 1200 501.88
311.25 1305 1300 1400 502.68
311.25 836 800 900 504.21
311.25 1540 1500 1600 504.42
311.25 924 900 1000 504.85
311.25 1432 1400 1500 505.09
311.25 1242 1200 1300 505.64
311.25 837 800 900 507.77
311.25 1541 1500 1600 508.25
311.25 925 900 1000 508.49
311.25 1057 1000 1100 508.6
311.25 1433 1400 1500 509.37
311.25 1243 1200 1300 510.77
311.25 838 800 900 511.3
311.25 1542 1500 1600 512.08
311.25 926 900 1000 512.14
311.25 1434 1400 1500 513.66
311.25 839 800 900 514.84
311.25 1244 1200 1300 515.72
311.25 927 900 1000 515.79
311.25 1543 1500 1600 515.91
311.25 1435 1400 1500 517.93
311.25 840 800 900 518.39
311.25 928 900 1000 519.45
311.25 1544 1500 1600 519.74
311.25 1306 1300 1400 520.34
311.25 1245 1200 1300 520.54
311.25 841 800 900 521.94
311.25 1436 1400 1500 522.18
311.25 929 900 1000 523.11
311.25 1545 1500 1600 523.56
311.25 1058 1000 1100 524.24
311.25 1246 1200 1300 525.24
311.25 842 800 900 525.47
311.25 1437 1400 1500 526.46
311.25 930 900 1000 526.78
311.25 1546 1500 1600 527.38
311.25 843 800 900 529.01
311.25 1247 1200 1300 529.9
311.25 931 900 1000 530.45
311.25 1438 1400 1500 530.7
311.25 1547 1500 1600 531.2
311.25 1118 1100 1200 532.08
311.25 844 800 900 532.56
311.25 932 900 1000 534.12
311.25 1248 1200 1300 534.55
311.25 1439 1400 1500 534.94
311.25 1548 1500 1600 535.01
311.25 845 800 900 536.1
311.25 933 900 1000 537.78
311.25 1307 1300 1400 537.79
311.25 1549 1500 1600 538.81
311.25 1440 1400 1500 539.18
311.25 1249 1200 1300 539.26
311.25 846 800 900 539.64
311.25 1059 1000 1100 540.02
311.25 934 900 1000 541.45
311.25 1550 1500 1600 542.62
311.25 847 800 900 543.19
311.25 1441 1400 1500 543.42
311.25 1250 1200 1300 543.88
311.25 935 900 1000 545.13
311.25 1551 1500 1600 546.43
311.25 848 800 900 546.75
311.25 1442 1400 1500 547.64
311.25 1251 1200 1300 548.5
311.25 936 900 1000 548.79
311.25 1552 1500 1600 550.23
311.25 849 800 900 550.3
311.25 1443 1400 1500 551.86
311.25 937 900 1000 552.48
311.25 1252 1200 1300 553.1
311.25 850 800 900 553.86
311.25 1553 1500 1600 554.05
311.25 1308 1300 1400 555.03
311.25 1060 1000 1100 556.02
311.25 1444 1400 1500 556.07
311.25 938 900 1000 556.16
311.25 851 800 900 557.42
311.25 1253 1200 1300 557.7
311.25 1554 1500 1600 557.85
311.25 939 900 1000 559.84
311.25 1445 1400 1500 560.28
311.25 852 800 900 560.98
311.25 1555 1500 1600 561.66
311.25 1254 1200 1300 562.28
311.25 1119 1100 1200 562.32
311.25 940 900 1000 563.53
311.25 1446 1400 1500 564.48
311.25 853 800 900 564.55
311.25 1556 1500 1600 565.46
311.25 1255 1200 1300 566.86
311.25 941 900 1000 567.22
311.25 854 800 900 568.11
311.25 1447 1400 1500 568.67
311.25 1557 1500 1600 569.26
311.25 942 900 1000 570.91
311.25 1256 1200 1300 571.43
311.25 855 800 900 571.68
311.25 1309 1300 1400 571.99
311.25 1061 1000 1100 572.2
311.25 1448 1400 1500 572.86
311.25 1558 1500 1600 573.05
311.25 943 900 1000 574.6
311.25 856 800 900 575.26
311.25 1257 1200 1300 575.99
311.25 1559 1500 1600 576.84
311.25 1449 1400 1500 577.05
311.25 944 900 1000 578.3
311.25 857 800 900 578.83
311.25 1258 1200 1300 580.52
311.25 1560 1500 1600 580.63
311.25 1450 1400 1500 581.23
311.25 945 900 1000 581.99
311.25 858 800 900 582.4
311.25 1561 1500 1600 584.42
311.25 1259 1200 1300 585.06
311.25 1451 1400 1500 585.4
311.25 946 900 1000 585.67
311.25 859 800 900 585.97
311.25 1562 1500 1600 588.21
311.25 1062 1000 1100 588.57
311.25 1310 1300 1400 588.73
311.25 947 900 1000 589.36
311.25 1260 1200 1300 589.57
311.25 1452 1400 1500 589.57
311.25 860 800 900 589.55
311.25 1563 1500 1600 592.0
311.25 1120 1100 1200 592.57
311.25 948 900 1000 593.05
311.25 861 800 900 593.12
311.25 1453 1400 1500 593.73
311.25 1261 1200 1300 594.09
311.25 1564 1500 1600 595.78
311.25 949 900 1000 596.74
311.25 862 800 900 596.69
311.25 1454 1400 1500 597.88
311.25 1262 1200 1300 598.67
311.25 1565 1500 1600 599.58
311.25 863 800 900 600.26
311.25 950 900 1000 600.45
311.25 1455 1400 1500 602.06
311.25 1263 1200 1300 603.17
311.25 1566 1500 1600 603.37
311.25 864 800 900 603.84
311.25 951 900 1000 604.14
311.25 1063 1000 1100 605.14
311.25 1311 1300 1400 605.26
311.25 1456 1400 1500 606.21
311.25 1567 1500 1600 607.15
311.25 1264 1200 1300 607.65
311.25 865 800 900 607.42
311.25 952 900 1000 607.85
311.25 1457 1400 1500 610.35
311.25 1568 1500 1600 610.92
311.25 866 800 900 610.99
311.25 953 900 1000 611.56
311.25 1265 1200 1300 612.12
311.25 1458 1400 1500 614.48
311.25 1569 1500 1600 614.7
311.25 867 800 900 614.58
311.25 954 900 1000 615.27
311.25 1266 1200 1300 616.59
311.25 868 800 900 618.16
311.25 1570 1500 1600 618.47
311.25 1459 1400 1500 618.61
311.25 955 900 1000 618.98
311.25 1267 1200 1300 621.06
311.25 1312 1300 1400 621.55
311.25 1064 1000 1100 621.95
311.25 869 800 900 621.74
311.25 1571 1500 1600 622.24
311.25 956 900 1000 622.7
311.25 1460 1400 1500 622.72
311.25 1121 1100 1200 622.81
311.25 1268 1200 1300 625.5
311.25 870 800 900 625.33
311.25 1572 1500 1600 626.0
311.25 957 900 1000 626.42
311.25 1461 1400 1500 626.83
311.25 871 800 900 628.92
311.25 1573 1500 1600 629.77
311.25 1269 1200 1300 629.92
311.25 958 900 1000 630.14
311.25 1462 1400 1500 630.93
311.25 872 800 900 632.51
311.25 1574 1500 1600 633.53
311.25 959 900 1000 633.87
311.25 1270 1200 1300 634.32
311.25 1463 1400 1500 635.03
311.25 873 800 900 636.1
311.25 1575 1500 1600 637.3
311.25 1313 1300 1400 637.6
311.25 960 900 1000 637.6
311.25 1271 1200 1300 638.72
311.25 1065 1000 1100 638.9
311.25 1464 1400 1500 639.13
311.25 874 800 900 639.69
311.25 1576 1500 1600 641.06
311.25 961 900 1000 641.33
311.25 1272 1200 1300 643.11
311.25 1465 1400 1500 643.23
311.25 875 800 900 643.28
311.25 1577 1500 1600 644.83
311.25 962 900 1000 645.06
311.25 876 800 900 646.87
311.25 1466 1400 1500 647.33
311.25 1273 1200 1300 647.49
311.25 1578 1500 1600 648.59
311.25 963 900 1000 648.79
311.25 877 800 900 650.47
311.25 1467 1400 1500 651.43
311.25 1274 1200 1300 651.86
311.25 1579 1500 1600 652.36
311.25 964 900 1000 652.53
311.25 1122 1100 1200 653.06
311.25 1314 1300 1400 653.41
311.25 878 800 900 654.07
311.25 1468 1400 1500 655.52
311.25 1066 1000 1100 656.06
311.25 1580 1500 1600 656.13
311.25 1275 1200 1300 656.23
311.25 965 900 1000 656.28
311.25 879 800 900 657.69
311.25 1469 1400 1500 659.61
311.25 1581 1500 1600 659.88
311.25 966 900 1000 660.1
311.25 1276 1200 1300 660.59
311.25 880 800 900 661.3
311.25 1582 1500 1600 663.64
311.25 1470 1400 1500 663.69
311.25 967 900 1000 663.85
311.25 1277 1200 1300 665.04
311.25 881 800 900 664.95
311.25 1583 1500 1600 667.39
311.25 968 900 1000 667.59
311.25 1471 1400 1500 667.77
311.25 882 800 900 668.56
311.25 1315 1300 1400 669.02
311.25 1278 1200 1300 669.38
311.25 1584 1500 1600 671.13
311.25 969 900 1000 671.34
311.25 1472 1400 1500 671.84
311.25 883 800 900 672.17
311.25 1067 1000 1100 673.45
311.25 1279 1200 1300 673.73
311.25 1585 1500 1600 674.88
311.25 970 900 1000 675.1
311.25 1473 1400 1500 675.91
311.25 884 800 900 675.78
311.25 1280 1200 1300 678.06
311.25 1586 1500 1600 678.63
311.25 971 900 1000 678.85
311.25 885 800 900 679.4
311.25 1474 1400 1500 679.97
311.25 1281 1200 1300 682.36
311.25 1587 1500 1600 682.37
311.25 972 900 1000 682.61
311.25 886 800 900 683.01
311.25 1123 1100 1200 683.32
311.25 1475 1400 1500 684.03
311.25 1316 1300 1400 684.34
311.25 1588 1500 1600 686.12
311.25 973 900 1000 686.37
311.25 1282 1200 1300 686.67
311.25 887 800 900 686.62
311.25 1476 1400 1500 688.08
311.25 1589 1500 1600 689.86
311.25 974 900 1000 690.14
311.25 888 800 900 690.24
311.25 1068 1000 1100 690.96
311.25 1283 1200 1300 690.97
311.25 1477 1400 1500 692.14
311.25 1590 1500 1600 693.6
311.25 975 900 1000 693.9
311.25 889 800 900 693.85
311.25 1284 1200 1300 695.26
311.25 1478 1400 1500 696.18
311.25 1591 1500 1600 697.34
311.25 890 800 900 697.48
311.25 976 900 1000 697.66
311.25 1317 1300 1400 699.45
311.25 1285 1200 1300 699.53
311.25 1479 1400 1500 700.24
311.25 1592 1500 1600 701.07
311.25 891 800 900 701.1
311.25 977 900 1000 701.43
311.25 1286 1200 1300 703.81
311.25 1480 1400 1500 704.27
311.25 1593 1500 1600 704.8
311.25 892 800 900 704.73
311.25 978 900 1000 705.23
311.25 1287 1200 1300 708.07
311.25 1481 1400 1500 708.3
311.25 1594 1500 1600 708.53
311.25 893 800 900 708.35
311.25 1069 1000 1100 708.67
311.25 979 900 1000 709.03
311.25 894 800 900 711.97
311.25 1288 1200 1300 712.33
311.25 1595 1500 1600 712.26
311.25 1482 1400 1500 712.33
311.25 980 900 1000 712.81
311.25 1124 1100 1200 713.59
311.25 1318 1300 1400 714.33
311.25 895 800 900 715.6
311.25 1596 1500 1600 715.98
311.25 1483 1400 1500 716.35
311.25 1289 1200 1300 716.58
311.25 981 900 1000 716.61
311.25 896 800 900 719.24
311.25 1597 1500 1600 719.7
311.25 1484 1400 1500 720.37
311.25 982 900 1000 720.49
311.25 1290 1200 1300 720.82
311.25 897 800 900 722.87
311.25 1598 1500 1600 723.42
311.25 983 900 1000 724.31
311.25 1485 1400 1500 724.38
311.25 1291 1200 1300 725.06
311.25 1070 1000 1100 726.65
311.25 898 800 900 726.5
311.25 1599 1500 1600 727.13
311.25 984 900 1000 728.12
311.25 1486 1400 1500 728.4
311.25 1319 1300 1400 728.96
311.25 1292 1200 1300 729.3
311.25 899 800 900 730.15
311.25 1500 1500 1600 730.66
311.25 985 900 1000 731.94
311.25 1487 1400 1500 732.41
311.25 1293 1200 1300 733.52
311.25 1501 1500 1600 734.16
311.25 800 800 900 734.25
311.25 986 900 1000 735.76
311.25 1488 1400 1500 736.42
311.25 1294 1200 1300 737.74
311.25 1502 1500 1600 737.66
311.25 801 800 900 738.34
311.25 987 900 1000 739.58
311.25 1489 1400 1500 740.42
311.25 1503 1500 1600 741.16
311.25 1295 1200 1300 741.95
311.25 802 800 900 742.41
311.25 1320 1300 1400 743.33
311.25 988 900 1000 743.4
311.25 1125 1100 1200 743.84
311.25 1490 1400 1500 744.43
311.25 1071 1000 1100 744.74
311.25 1504 1500 1600 744.67
311.25 1296 1200 1300 746.13
311.25 803 800 900 746.48
311.25 989 900 1000 747.22
311.25 1505 1500 1600 748.17
311.25 1491 1400 1500 748.43
311.25 1297 1200 1300 750.33
311.25 804 800 900 750.57
311.25 990 900 1000 751.05
311.25 1506 1500 1600 751.67
311.25 1492 1400 1500 752.43
311.25 1298 1200 1300 754.49
311.25 805 800 900 754.64
311.25 991 900 1000 754.88
311.25 1507 1500 1600 755.17
311.25 1493 1400 1500 756.44
311.25 1321 1300 1400 757.45
311.25 1299 1200 1300 758.66
311.25 992 900 1000 758.72
311.25 1508 1500 1600 758.66
311.25 806 800 900 758.72
311.25 1494 1400 1500 760.43
311.25 1509 1500 1600 762.17
311.25 993 900 1000 762.55
311.25 1072 1000 1100 763.04
311.25 807 800 900 762.79
311.25 1495 1400 1500 764.42
311.25 1510 1500 1600 765.67
311.25 994 900 1000 766.39
311.25 808 800 900 766.87
311.25 1496 1400 1500 768.39
311.25 1511 1500 1600 769.17
311.25 995 900 1000 770.23
311.25 809 800 900 770.95
311.25 1322 1300 1400 771.31
311.25 1497 1400 1500 772.37
311.25 1512 1500 1600 772.66
311.25 1126 1100 1200 774.1
311.25 996 900 1000 774.07
311.25 810 800 900 775.03
311.25 1513 1500 1600 776.15
311.25 1498 1400 1500 776.33
311.25 997 900 1000 777.93
311.25 811 800 900 779.2
311.25 1514 1500 1600 779.63
311.25 1499 1400 1500 780.3
311.25 1200 1200 1300 780.59
311.25 1073 1000 1100 781.55
311.25 998 900 1000 781.79
311.25 1515 1500 1600 783.12
311.25 812 800 900 783.28
311.25 1400 1400 1500 784.07
311.25 1323 1300 1400 784.89
311.25 999 900 1000 785.66
311.25 1516 1500 1600 786.6
311.25 813 800 900 787.37
311.25 1401 1400 1500 787.83
311.25 900 900 1000 790.01
311.25 1517 1500 1600 790.08
311.25 1402 1400 1500 791.58
311.25 814 800 900 791.47
311.25 1518 1500 1600 793.57
311.25 901 900 1000 794.34
311.25 1403 1400 1500 795.33
311.25 815 800 900 795.55
311.25 1519 1500 1600 797.05
311.25 1324 1300 1400 798.22
311.25 902 900 1000 798.68
311.25 1404 1400 1500 799.07
311.25 816 800 900 799.64
311.25 1074 1000 1100 800.24
311.25 1520 1500 1600 800.53
311.25 1405 1400 1500 802.82
311.25 1201 1200 1300 802.89
311.25 903 900 1000 803.02
311.25 817 800 900 803.73
311.25 1521 1500 1600 804.01
311.25 1127 1100 1200 804.35
311.25 1406 1400 1500 806.55
311.25 904 900 1000 807.37
311.25 1522 1500 1600 807.52
311.25 818 800 900 807.81
311.25 1407 1400 1500 810.28
311.25 1523 1500 1600 811.02
311.25 1325 1300 1400 811.3
311.25 905 900 1000 811.71
311.25 819 800 900 811.9
311.25 1408 1400 1500 814.01
311.25 1524 1500 1600 814.51
311.25 906 900 1000 816.06
311.25 820 800 900 816.0
311.25 1409 1400 1500 817.74
311.25 1525 1500 1600 818.0
311.25 1075 1000 1100 819.12
311.25 821 800 900 820.1
311.25 907 900 1000 820.42
311.25 1410 1400 1500 821.48
311.25 1526 1500 1600 821.49
311.25 1326 1300 1400 824.09
311.25 822 800 900 824.2
311.25 908 900 1000 824.79
311.25 1527 1500 1600 824.97
311.25 1411 1400 1500 825.2
311.25 1202 1200 1300 825.41
311.25 823 800 900 828.29
311.25 1528 1500 1600 828.44
311.25 1412 1400 1500 828.93
311.25 909 900 1000 829.17
311.25 1529 1500 1600 831.91
311.25 824 800 900 832.39
311.25 1413 1400 1500 832.65
311.25 910 900 1000 833.55
311.25 1128 1100 1200 834.6
311.25 1530 1500 1600 835.38
311.25 1414 1400 1500 836.35
311.25 1327 1300 1400 836.59
311.25 825 800 900 836.5
311.25 911 900 1000 837.93
311.25 1076 1000 1100 838.18
311.25 1531 1500 1600 838.85
311.25 1415 1400 1500 840.05
311.25 826 800 900 840.61
311.25 1532 1500 1600 842.31
311.25 912 900 1000 842.43
311.25 1416 1400 1500 843.75
311.25 827 800 900 844.71
311.25 1533 1500 1600 845.78
311.25 913 900 1000 846.82
311.25 1417 1400 1500 847.44
311.25 1203 1200 1300 848.26
311.25 1328 1300 1400 848.81
311.25 828 800 900 848.82
311.25 1534 1500 1600 849.25
311.25 1418 1400 1500 851.14
311.25 914 900 1000 851.21
311.25 1535 1500 1600 852.72
311.25 829 800 900 852.93
311.25 1419 1400 1500 854.82
311.25 915 900 1000 855.61
311.25 1536 1500 1600 856.19
311.25 830 800 900 857.04
311.25 1077 1000 1100 857.46
311.25 1420 1400 1500 858.51
311.25 1537 1500 1600 859.66
311.25 916 900 1000 860.02
311.25 1329 1300 1400 860.7
311.25 831 800 900 861.15
311.25 1421 1400 1500 862.19
311.25 1538 1500 1600 863.13
311.25 917 900 1000 864.42
311.25 1129 1100 1200 864.89
311.25 832 800 900 865.28
311.25 1422 1400 1500 865.89
311.25 1539 1500 1600 866.58
311.25 918 900 1000 868.82
311.25 1423 1400 1500 869.57
311.25 833 800 900 869.39
311.25 1540 1500 1600 870.04
311.25 1204 1200 1300 871.46
311.25 1330 1300 1400 872.26
311.25 919 900 1000 873.23
311.25 1424 1400 1500 873.26
311.25 1541 1500 1600 873.51
311.25 834 800 900 873.52
311.25 1078 1000 1100 876.9
311.25 1425 1400 1500 876.93
311.25 1542 1500 1600 876.97
311.25 920 900 1000 877.64
311.25 835 800 900 877.64
311.25 1543 1500 1600 880.43
311.25 1426 1400 1500 880.6
311.25 836 800 900 881.75
311.25 921 900 1000 882.07
311.25 1331 1300 1400 883.46
311.25 1544 1500 1600 883.89
311.25 1427 1400 1500 884.26
311.25 837 800 900 885.9
311.25 922 900 1000 886.52
311.25 1545 1500 1600 887.35
311.25 1428 1400 1500 887.92
311.25 838 800 900 890.02
311.25 1546 1500 1600 890.8
311.25 923 900 1000 890.97
311.25 1429 1400 1500 891.57
311.25 1332 1300 1400 894.24
311.25 1547 1500 1600 894.27
311.25 839 800 900 894.14
311.25 1130 1100 1200 895.08
311.25 1205 1200 1300 895.03
311.25 1430 1400 1500 895.23
311.25 924 900 1000 895.42
311.25 1079 1000 1100 896.66
311.25 1548 1500 1600 897.74
311.25 840 800 900 898.26
311.25 1431 1400 1500 898.88
311.25 925 900 1000 899.87
311.25 1549 1500 1600 901.29
311.25 1432 1400 1500 902.54
311.25 841 800 900 902.39
311.25 926 900 1000 904.33
311.25 1333 1300 1400 904.58
311.25 1550 1500 1600 904.74
311.25 1433 1400 1500 906.18
311.25 842 800 900 906.52
311.25 1551 1500 1600 908.19
311.25 927 900 1000 908.8
311.25 1434 1400 1500 909.84
311.25 843 800 900 910.66
311.25 1552 1500 1600 911.64
311.25 928 900 1000 913.27
311.25 1435 1400 1500 913.49
311.25 1334 1300 1400 914.5
311.25 844 800 900 914.8
311.25 1553 1500 1600 915.08
311.25 1080 1000 1100 916.5
311.25 1436 1400 1500 917.14
311.25 929 900 1000 917.75
311.25 1554 1500 1600 918.52
311.25 1206 1200 1300 919.0
311.25 845 800 900 918.94
311.25 1437 1400 1500 920.8
311.25 1555 1500 1600 921.96
311.25 930 900 1000 922.24
311.25 846 800 900 923.1
311.25 1335 1300 1400 924.02
311.25 1438 1400 1500 924.43
311.25 1131 1100 1200 925.29
311.25 1556 1500 1600 925.4
311.25 931 900 1000 926.73
311.25 847 800 900 927.26
311.25 1439 1400 1500 928.07
311.25 1557 1500 1600 928.84
311.25 932 900 1000 931.23
311.25 848 800 900 931.42
311.25 1440 1400 1500 931.7
311.25 1558 1500 1600 932.27
311.25 1336 1300 1400 933.18
311.25 1441 1400 1500 935.33
311.25 933 900 1000 935.73
311.25 1559 1500 1600 935.71
311.25 849 800 900 935.58
311.25 1081 1000 1100 936.55
311.25 1442 1400 1500 938.96
311.25 1560 1500 1600 939.14
311.25 850 800 900 939.74
311.25 934 900 1000 940.25
311.25 1337 1300 1400 942.02
311.25 1443 1400 1500 942.59
311.25 1561 1500 1600 942.58
311.25 1207 1200 1300 943.39
311.25 851 800 900 943.91
311.25 935 900 1000 944.78
311.25 1562 1500 1600 946.01
311.25 1444 1400 1500 946.21
311.25 852 800 900 948.08
311.25 936 900 1000 949.31
311.25 1563 1500 1600 949.44
311.25 1445 1400 1500 949.82
311.25 1338 1300 1400 950.47
311.25 853 800 900 952.25
311.25 1564 1500 1600 952.87
311.25 1446 1400 1500 953.43
311.25 937 900 1000 953.86
311.25 1132 1100 1200 955.51
311.25 1565 1500 1600 956.29
311.25 854 800 900 956.43
311.25 1082 1000 1100 956.83
311.25 1447 1400 1500 957.06
311.25 938 900 1000 958.39
311.25 1339 1300 1400 958.58
311.25 1566 1500 1600 959.72
311.25 1448 1400 1500 960.69
311.25 855 800 900 960.62
311.25 939 900 1000 962.93
311.25 1567 1500 1600 963.23
311.25 1449 1400 1500 964.31
311.25 856 800 900 964.8
311.25 1340 1300 1400 966.41
311.25 1568 1500 1600 966.65
311.25 940 900 1000 967.48
311.25 1450 1400 1500 967.91
311.25 1208 1200 1300 968.27
311.25 857 800 900 968.99
311.25 1569 1500 1600 970.07
311.25 1451 1400 1500 971.52
311.25 941 900 1000 972.05
311.25 858 800 900 973.19
311.25 1570 1500 1600 973.5
311.25 1341 1300 1400 973.92
311.25 1452 1400 1500 975.12
311.25 942 900 1000 976.64
311.25 1571 1500 1600 976.93
311.25 1083 1000 1100 977.3
311.25 859 800 900 977.39
311.25 1453 1400 1500 978.72
311.25 1572 1500 1600 980.36
311.25 1342 1300 1400 981.15
311.25 943 900 1000 981.22
311.25 860 800 900 981.59
311.25 1454 1400 1500 982.31
